250 350 5 
250 350 10 
250 350 15 
250 350 20 
250 350 25 
250 350 30 
250 350 35 
250 350 40 
250 350 45 
250 350 50 
250 350 55 
250 350 60 
250 350 65 
250 350 70 
250 350 75 
250 350 80 
250 350 85 
250 350 90 
250 350 95 
250 345 5 
250 345 10 
250 345 15 
250 345 20 
250 345 25 
250 345 30 
250 345 35 
250 345 40 
250 345 45 
250 345 50 
250 345 55 
250 345 60 
250 345 65 
250 345 70 
250 345 75 
250 345 80 
250 345 85 
250 345 90 
250 345 95 
250 340 5 
250 340 10 
250 340 15 
250 340 20 
250 340 25 
250 340 30 
250 340 35 
250 340 40 
250 340 45 
250 340 50 
250 340 55 
250 340 60 
250 340 65 
250 340 70 
250 340 75 
250 340 80 
250 340 85 
250 340 90 
250 340 95 
250 335 5 
250 335 10 
250 335 15 
250 335 20 
250 335 25 
250 335 30 
250 335 35 
250 335 40 
250 335 45 
250 335 50 
250 335 55 
250 335 60 
250 335 65 
250 335 70 
250 335 75 
250 335 80 
250 335 85 
250 335 90 
250 335 95 
250 330 5 
250 330 10 
250 330 15 
250 330 20 
250 330 25 
250 330 30 
250 330 35 
250 330 40 
250 330 45 
250 330 50 
250 330 55 
250 330 60 
250 330 65 
250 330 70 
250 330 75 
250 330 80 
250 330 85 
250 330 90 
250 330 95 
250 325 5 
250 325 10 
250 325 15 
250 325 20 
250 325 25 
250 325 30 
250 325 35 
250 325 40 
250 325 45 
250 325 50 
250 325 55 
250 325 60 
250 325 65 
250 325 70 
250 325 75 
250 325 80 
250 325 85 
250 325 90 
250 325 95 
250 320 5 
250 320 10 
250 320 15 
250 320 20 
250 320 25 
250 320 30 
250 320 35 
250 320 40 
250 320 45 
250 320 50 
250 320 55 
250 320 60 
250 320 65 
250 320 70 
250 320 75 
250 320 80 
250 320 85 
250 320 90 
250 320 95 
250 315 5 
250 315 10 
250 315 15 
250 315 20 
250 315 25 
250 315 30 
250 315 35 
250 315 40 
250 315 45 
250 315 50 
250 315 55 
250 315 60 
250 315 65 
250 315 70 
250 315 75 
250 315 80 
250 315 85 
250 315 90 
250 315 95 
250 310 5 
250 310 10 
250 310 15 
250 310 20 
250 310 25 
250 310 30 
250 310 35 
250 310 40 
250 310 45 
250 310 50 
250 310 55 
250 310 60 
250 310 65 
250 310 70 
250 310 75 
250 310 80 
250 310 85 
250 310 90 
250 310 95 
250 305 5 
250 305 10 
250 305 15 
250 305 20 
250 305 25 
250 305 30 
250 305 35 
250 305 40 
250 305 45 
250 305 50 
250 305 55 
250 305 60 
250 305 65 
250 305 70 
250 305 75 
250 305 80 
250 305 85 
250 305 90 
250 305 95 
250 300 5 
250 300 10 
250 300 15 
250 300 20 
250 300 25 
250 300 30 
250 300 35 
250 300 40 
250 300 45 
250 300 50 
250 300 55 
250 300 60 
250 300 65 
250 300 70 
250 300 75 
250 300 80 
250 300 85 
250 300 90 
250 300 95 
250 295 5 
250 295 10 
250 295 15 
250 295 20 
250 295 25 
250 295 30 
250 295 35 
250 295 40 
250 295 45 
250 295 50 
250 295 55 
250 295 60 
250 295 65 
250 295 70 
250 295 75 
250 295 80 
250 295 85 
250 295 90 
250 295 95 
250 290 5 
250 290 10 
250 290 15 
250 290 20 
250 290 25 
250 290 30 
250 290 35 
250 290 40 
250 290 45 
250 290 50 
250 290 55 
250 290 60 
250 290 65 
250 290 70 
250 290 75 
250 290 80 
250 290 85 
250 290 90 
250 290 95 
250 285 5 
250 285 10 
250 285 15 
250 285 20 
250 285 25 
250 285 30 
250 285 35 
250 285 40 
250 285 45 
250 285 50 
250 285 55 
250 285 60 
250 285 65 
250 285 70 
250 285 75 
250 285 80 
250 285 85 
250 285 90 
250 285 95 
250 280 5 
250 280 10 
250 280 15 
250 280 20 
250 280 25 
250 280 30 
250 280 35 
250 280 40 
250 280 45 
250 280 50 
250 280 55 
250 280 60 
250 280 65 
250 280 70 
250 280 75 
250 280 80 
250 280 85 
250 280 90 
250 280 95 
250 275 5 
250 275 10 
250 275 15 
250 275 20 
250 275 25 
250 275 30 
250 275 35 
250 275 40 
250 275 45 
250 275 50 
250 275 55 
250 275 60 
250 275 65 
250 275 70 
250 275 75 
250 275 80 
250 275 85 
250 275 90 
250 275 95 
250 270 5 
250 270 10 
250 270 15 
250 270 20 
250 270 25 
250 270 30 
250 270 35 
250 270 40 
250 270 45 
250 270 50 
250 270 55 
250 270 60 
250 270 65 
250 270 70 
250 270 75 
250 270 80 
250 270 85 
250 270 90 
250 270 95 
250 265 5 
250 265 10 
250 265 15 
250 265 20 
250 265 25 
250 265 30 
250 265 35 
250 265 40 
250 265 45 
250 265 50 
250 265 55 
250 265 60 
250 265 65 
250 265 70 
250 265 75 
250 265 80 
250 265 85 
250 265 90 
250 265 95 
250 260 5 
250 260 10 
250 260 15 
250 260 20 
250 260 25 
250 260 30 
250 260 35 
250 260 40 
250 260 45 
250 260 50 
250 260 55 
250 260 60 
250 260 65 
250 260 70 
250 260 75 
250 260 80 
250 260 85 
250 260 90 
250 260 95 
250 255 5 
250 255 10 
250 255 15 
250 255 20 
250 255 25 
250 255 30 
250 255 35 
250 255 40 
250 255 45 
250 255 50 
250 255 55 
250 255 60 
250 255 65 
250 255 70 
250 255 75 
250 255 80 
250 255 85 
250 255 90 
250 255 95 
250 250 5 
250 250 10 
250 250 15 
250 250 20 
250 250 25 
250 250 30 
250 250 35 
250 250 40 
250 250 45 
250 250 50 
250 250 55 
250 250 60 
250 250 65 
250 250 70 
250 250 75 
250 250 80 
250 250 85 
250 250 90 
250 250 95 
250 350 5 
250 350 10 
250 350 15 
250 350 20 
250 350 25 
250 350 30 
250 350 35 
250 350 40 
250 350 45 
250 350 50 
250 350 55 
250 350 60 
250 350 65 
250 350 70 
250 350 75 
250 350 80 
250 350 85 
250 350 90 
250 350 95 
255 350 5 
255 350 10 
255 350 15 
255 350 20 
255 350 25 
255 350 30 
255 350 35 
255 350 40 
255 350 45 
255 350 50 
255 350 55 
255 350 60 
255 350 65 
255 350 70 
255 350 75 
255 350 80 
255 350 85 
255 350 90 
255 350 95 
260 350 5 
260 350 10 
260 350 15 
260 350 20 
260 350 25 
260 350 30 
260 350 35 
260 350 40 
260 350 45 
260 350 50 
260 350 55 
260 350 60 
260 350 65 
260 350 70 
260 350 75 
260 350 80 
260 350 85 
260 350 90 
260 350 95 
265 350 5 
265 350 10 
265 350 15 
265 350 20 
265 350 25 
265 350 30 
265 350 35 
265 350 40 
265 350 45 
265 350 50 
265 350 55 
265 350 60 
265 350 65 
265 350 70 
265 350 75 
265 350 80 
265 350 85 
265 350 90 
265 350 95 
270 350 5 
270 350 10 
270 350 15 
270 350 20 
270 350 25 
270 350 30 
270 350 35 
270 350 40 
270 350 45 
270 350 50 
270 350 55 
270 350 60 
270 350 65 
270 350 70 
270 350 75 
270 350 80 
270 350 85 
270 350 90 
270 350 95 
275 350 5 
275 350 10 
275 350 15 
275 350 20 
275 350 25 
275 350 30 
275 350 35 
275 350 40 
275 350 45 
275 350 50 
275 350 55 
275 350 60 
275 350 65 
275 350 70 
275 350 75 
275 350 80 
275 350 85 
275 350 90 
275 350 95 
280 350 5 
280 350 10 
280 350 15 
280 350 20 
280 350 25 
280 350 30 
280 350 35 
280 350 40 
280 350 45 
280 350 50 
280 350 55 
280 350 60 
280 350 65 
280 350 70 
280 350 75 
280 350 80 
280 350 85 
280 350 90 
280 350 95 
285 350 5 
285 350 10 
285 350 15 
285 350 20 
285 350 25 
285 350 30 
285 350 35 
285 350 40 
285 350 45 
285 350 50 
285 350 55 
285 350 60 
285 350 65 
285 350 70 
285 350 75 
285 350 80 
285 350 85 
285 350 90 
285 350 95 
290 350 5 
290 350 10 
290 350 15 
290 350 20 
290 350 25 
290 350 30 
290 350 35 
290 350 40 
290 350 45 
290 350 50 
290 350 55 
290 350 60 
290 350 65 
290 350 70 
290 350 75 
290 350 80 
290 350 85 
290 350 90 
290 350 95 
295 350 5 
295 350 10 
295 350 15 
295 350 20 
295 350 25 
295 350 30 
295 350 35 
295 350 40 
295 350 45 
295 350 50 
295 350 55 
295 350 60 
295 350 65 
295 350 70 
295 350 75 
295 350 80 
295 350 85 
295 350 90 
295 350 95 
300 350 5 
300 350 10 
300 350 15 
300 350 20 
300 350 25 
300 350 30 
300 350 35 
300 350 40 
300 350 45 
300 350 50 
300 350 55 
300 350 60 
300 350 65 
300 350 70 
300 350 75 
300 350 80 
300 350 85 
300 350 90 
300 350 95 
305 350 5 
305 350 10 
305 350 15 
305 350 20 
305 350 25 
305 350 30 
305 350 35 
305 350 40 
305 350 45 
305 350 50 
305 350 55 
305 350 60 
305 350 65 
305 350 70 
305 350 75 
305 350 80 
305 350 85 
305 350 90 
305 350 95 
310 350 5 
310 350 10 
310 350 15 
310 350 20 
310 350 25 
310 350 30 
310 350 35 
310 350 40 
310 350 45 
310 350 50 
310 350 55 
310 350 60 
310 350 65 
310 350 70 
310 350 75 
310 350 80 
310 350 85 
310 350 90 
310 350 95 
315 350 5 
315 350 10 
315 350 15 
315 350 20 
315 350 25 
315 350 30 
315 350 35 
315 350 40 
315 350 45 
315 350 50 
315 350 55 
315 350 60 
315 350 65 
315 350 70 
315 350 75 
315 350 80 
315 350 85 
315 350 90 
315 350 95 
320 350 5 
320 350 10 
320 350 15 
320 350 20 
320 350 25 
320 350 30 
320 350 35 
320 350 40 
320 350 45 
320 350 50 
320 350 55 
320 350 60 
320 350 65 
320 350 70 
320 350 75 
320 350 80 
320 350 85 
320 350 90 
320 350 95 
325 350 5 
325 350 10 
325 350 15 
325 350 20 
325 350 25 
325 350 30 
325 350 35 
325 350 40 
325 350 45 
325 350 50 
325 350 55 
325 350 60 
325 350 65 
325 350 70 
325 350 75 
325 350 80 
325 350 85 
325 350 90 
325 350 95 
330 350 5 
330 350 10 
330 350 15 
330 350 20 
330 350 25 
330 350 30 
330 350 35 
330 350 40 
330 350 45 
330 350 50 
330 350 55 
330 350 60 
330 350 65 
330 350 70 
330 350 75 
330 350 80 
330 350 85 
330 350 90 
330 350 95 
335 350 5 
335 350 10 
335 350 15 
335 350 20 
335 350 25 
335 350 30 
335 350 35 
335 350 40 
335 350 45 
335 350 50 
335 350 55 
335 350 60 
335 350 65 
335 350 70 
335 350 75 
335 350 80 
335 350 85 
335 350 90 
335 350 95 
340 350 5 
340 350 10 
340 350 15 
340 350 20 
340 350 25 
340 350 30 
340 350 35 
340 350 40 
340 350 45 
340 350 50 
340 350 55 
340 350 60 
340 350 65 
340 350 70 
340 350 75 
340 350 80 
340 350 85 
340 350 90 
340 350 95 
345 350 5 
345 350 10 
345 350 15 
345 350 20 
345 350 25 
345 350 30 
345 350 35 
345 350 40 
345 350 45 
345 350 50 
345 350 55 
345 350 60 
345 350 65 
345 350 70 
345 350 75 
345 350 80 
345 350 85 
345 350 90 
345 350 95 
350 350 5 
350 350 10 
350 350 15 
350 350 20 
350 350 25 
350 350 30 
350 350 35 
350 350 40 
350 350 45 
350 350 50 
350 350 55 
350 350 60 
350 350 65 
350 350 70 
350 350 75 
350 350 80 
350 350 85 
350 350 90 
350 350 95 
400 300 5 
400 300 10 
400 300 15 
400 300 20 
400 300 25 
400 300 30 
400 300 35 
400 300 40 
400 300 45 
400 300 50 
400 300 55 
400 300 60 
400 300 65 
400 300 70 
400 300 75 
400 300 80 
400 300 85 
400 300 90 
400 300 95 
400 305 5 
400 305 10 
400 305 15 
400 305 20 
400 305 25 
400 305 30 
400 305 35 
400 305 40 
400 305 45 
400 305 50 
400 305 55 
400 305 60 
400 305 65 
400 305 70 
400 305 75 
400 305 80 
400 305 85 
400 305 90 
400 305 95 
400 310 5 
400 310 10 
400 310 15 
400 310 20 
400 310 25 
400 310 30 
400 310 35 
400 310 40 
400 310 45 
400 310 50 
400 310 55 
400 310 60 
400 310 65 
400 310 70 
400 310 75 
400 310 80 
400 310 85 
400 310 90 
400 310 95 
400 315 5 
400 315 10 
400 315 15 
400 315 20 
400 315 25 
400 315 30 
400 315 35 
400 315 40 
400 315 45 
400 315 50 
400 315 55 
400 315 60 
400 315 65 
400 315 70 
400 315 75 
400 315 80 
400 315 85 
400 315 90 
400 315 95 
400 320 5 
400 320 10 
400 320 15 
400 320 20 
400 320 25 
400 320 30 
400 320 35 
400 320 40 
400 320 45 
400 320 50 
400 320 55 
400 320 60 
400 320 65 
400 320 70 
400 320 75 
400 320 80 
400 320 85 
400 320 90 
400 320 95 
400 325 5 
400 325 10 
400 325 15 
400 325 20 
400 325 25 
400 325 30 
400 325 35 
400 325 40 
400 325 45 
400 325 50 
400 325 55 
400 325 60 
400 325 65 
400 325 70 
400 325 75 
400 325 80 
400 325 85 
400 325 90 
400 325 95 
400 330 5 
400 330 10 
400 330 15 
400 330 20 
400 330 25 
400 330 30 
400 330 35 
400 330 40 
400 330 45 
400 330 50 
400 330 55 
400 330 60 
400 330 65 
400 330 70 
400 330 75 
400 330 80 
400 330 85 
400 330 90 
400 330 95 
400 335 5 
400 335 10 
400 335 15 
400 335 20 
400 335 25 
400 335 30 
400 335 35 
400 335 40 
400 335 45 
400 335 50 
400 335 55 
400 335 60 
400 335 65 
400 335 70 
400 335 75 
400 335 80 
400 335 85 
400 335 90 
400 335 95 
400 340 5 
400 340 10 
400 340 15 
400 340 20 
400 340 25 
400 340 30 
400 340 35 
400 340 40 
400 340 45 
400 340 50 
400 340 55 
400 340 60 
400 340 65 
400 340 70 
400 340 75 
400 340 80 
400 340 85 
400 340 90 
400 340 95 
400 345 5 
400 345 10 
400 345 15 
400 345 20 
400 345 25 
400 345 30 
400 345 35 
400 345 40 
400 345 45 
400 345 50 
400 345 55 
400 345 60 
400 345 65 
400 345 70 
400 345 75 
400 345 80 
400 345 85 
400 345 90 
400 345 95 
400 350 5 
400 350 10 
400 350 15 
400 350 20 
400 350 25 
400 350 30 
400 350 35 
400 350 40 
400 350 45 
400 350 50 
400 350 55 
400 350 60 
400 350 65 
400 350 70 
400 350 75 
400 350 80 
400 350 85 
400 350 90 
400 350 95 
400 355 5 
400 355 10 
400 355 15 
400 355 20 
400 355 25 
400 355 30 
400 355 35 
400 355 40 
400 355 45 
400 355 50 
400 355 55 
400 355 60 
400 355 65 
400 355 70 
400 355 75 
400 355 80 
400 355 85 
400 355 90 
400 355 95 
400 360 5 
400 360 10 
400 360 15 
400 360 20 
400 360 25 
400 360 30 
400 360 35 
400 360 40 
400 360 45 
400 360 50 
400 360 55 
400 360 60 
400 360 65 
400 360 70 
400 360 75 
400 360 80 
400 360 85 
400 360 90 
400 360 95 
400 365 5 
400 365 10 
400 365 15 
400 365 20 
400 365 25 
400 365 30 
400 365 35 
400 365 40 
400 365 45 
400 365 50 
400 365 55 
400 365 60 
400 365 65 
400 365 70 
400 365 75 
400 365 80 
400 365 85 
400 365 90 
400 365 95 
400 370 5 
400 370 10 
400 370 15 
400 370 20 
400 370 25 
400 370 30 
400 370 35 
400 370 40 
400 370 45 
400 370 50 
400 370 55 
400 370 60 
400 370 65 
400 370 70 
400 370 75 
400 370 80 
400 370 85 
400 370 90 
400 370 95 
400 375 5 
400 375 10 
400 375 15 
400 375 20 
400 375 25 
400 375 30 
400 375 35 
400 375 40 
400 375 45 
400 375 50 
400 375 55 
400 375 60 
400 375 65 
400 375 70 
400 375 75 
400 375 80 
400 375 85 
400 375 90 
400 375 95 
400 380 5 
400 380 10 
400 380 15 
400 380 20 
400 380 25 
400 380 30 
400 380 35 
400 380 40 
400 380 45 
400 380 50 
400 380 55 
400 380 60 
400 380 65 
400 380 70 
400 380 75 
400 380 80 
400 380 85 
400 380 90 
400 380 95 
400 385 5 
400 385 10 
400 385 15 
400 385 20 
400 385 25 
400 385 30 
400 385 35 
400 385 40 
400 385 45 
400 385 50 
400 385 55 
400 385 60 
400 385 65 
400 385 70 
400 385 75 
400 385 80 
400 385 85 
400 385 90 
400 385 95 
400 390 5 
400 390 10 
400 390 15 
400 390 20 
400 390 25 
400 390 30 
400 390 35 
400 390 40 
400 390 45 
400 390 50 
400 390 55 
400 390 60 
400 390 65 
400 390 70 
400 390 75 
400 390 80 
400 390 85 
400 390 90 
400 390 95 
400 395 5 
400 395 10 
400 395 15 
400 395 20 
400 395 25 
400 395 30 
400 395 35 
400 395 40 
400 395 45 
400 395 50 
400 395 55 
400 395 60 
400 395 65 
400 395 70 
400 395 75 
400 395 80 
400 395 85 
400 395 90 
400 395 95 
400 400 5 
400 400 10 
400 400 15 
400 400 20 
400 400 25 
400 400 30 
400 400 35 
400 400 40 
400 400 45 
400 400 50 
400 400 55 
400 400 60 
400 400 65 
400 400 70 
400 400 75 
400 400 80 
400 400 85 
400 400 90 
400 400 95 
400 300 5 
400 300 10 
400 300 15 
400 300 20 
400 300 25 
400 300 30 
400 300 35 
400 300 40 
400 300 45 
400 300 50 
400 300 55 
400 300 60 
400 300 65 
400 300 70 
400 300 75 
400 300 80 
400 300 85 
400 300 90 
400 300 95 
395 300 5 
395 300 10 
395 300 15 
395 300 20 
395 300 25 
395 300 30 
395 300 35 
395 300 40 
395 300 45 
395 300 50 
395 300 55 
395 300 60 
395 300 65 
395 300 70 
395 300 75 
395 300 80 
395 300 85 
395 300 90 
395 300 95 
390 300 5 
390 300 10 
390 300 15 
390 300 20 
390 300 25 
390 300 30 
390 300 35 
390 300 40 
390 300 45 
390 300 50 
390 300 55 
390 300 60 
390 300 65 
390 300 70 
390 300 75 
390 300 80 
390 300 85 
390 300 90 
390 300 95 
385 300 5 
385 300 10 
385 300 15 
385 300 20 
385 300 25 
385 300 30 
385 300 35 
385 300 40 
385 300 45 
385 300 50 
385 300 55 
385 300 60 
385 300 65 
385 300 70 
385 300 75 
385 300 80 
385 300 85 
385 300 90 
385 300 95 
380 300 5 
380 300 10 
380 300 15 
380 300 20 
380 300 25 
380 300 30 
380 300 35 
380 300 40 
380 300 45 
380 300 50 
380 300 55 
380 300 60 
380 300 65 
380 300 70 
380 300 75 
380 300 80 
380 300 85 
380 300 90 
380 300 95 
375 300 5 
375 300 10 
375 300 15 
375 300 20 
375 300 25 
375 300 30 
375 300 35 
375 300 40 
375 300 45 
375 300 50 
375 300 55 
375 300 60 
375 300 65 
375 300 70 
375 300 75 
375 300 80 
375 300 85 
375 300 90 
375 300 95 
370 300 5 
370 300 10 
370 300 15 
370 300 20 
370 300 25 
370 300 30 
370 300 35 
370 300 40 
370 300 45 
370 300 50 
370 300 55 
370 300 60 
370 300 65 
370 300 70 
370 300 75 
370 300 80 
370 300 85 
370 300 90 
370 300 95 
365 300 5 
365 300 10 
365 300 15 
365 300 20 
365 300 25 
365 300 30 
365 300 35 
365 300 40 
365 300 45 
365 300 50 
365 300 55 
365 300 60 
365 300 65 
365 300 70 
365 300 75 
365 300 80 
365 300 85 
365 300 90 
365 300 95 
360 300 5 
360 300 10 
360 300 15 
360 300 20 
360 300 25 
360 300 30 
360 300 35 
360 300 40 
360 300 45 
360 300 50 
360 300 55 
360 300 60 
360 300 65 
360 300 70 
360 300 75 
360 300 80 
360 300 85 
360 300 90 
360 300 95 
355 300 5 
355 300 10 
355 300 15 
355 300 20 
355 300 25 
355 300 30 
355 300 35 
355 300 40 
355 300 45 
355 300 50 
355 300 55 
355 300 60 
355 300 65 
355 300 70 
355 300 75 
355 300 80 
355 300 85 
355 300 90 
355 300 95 
350 300 5 
350 300 10 
350 300 15 
350 300 20 
350 300 25 
350 300 30 
350 300 35 
350 300 40 
350 300 45 
350 300 50 
350 300 55 
350 300 60 
350 300 65 
350 300 70 
350 300 75 
350 300 80 
350 300 85 
350 300 90 
350 300 95 
345 300 5 
345 300 10 
345 300 15 
345 300 20 
345 300 25 
345 300 30 
345 300 35 
345 300 40 
345 300 45 
345 300 50 
345 300 55 
345 300 60 
345 300 65 
345 300 70 
345 300 75 
345 300 80 
345 300 85 
345 300 90 
345 300 95 
340 300 5 
340 300 10 
340 300 15 
340 300 20 
340 300 25 
340 300 30 
340 300 35 
340 300 40 
340 300 45 
340 300 50 
340 300 55 
340 300 60 
340 300 65 
340 300 70 
340 300 75 
340 300 80 
340 300 85 
340 300 90 
340 300 95 
335 300 5 
335 300 10 
335 300 15 
335 300 20 
335 300 25 
335 300 30 
335 300 35 
335 300 40 
335 300 45 
335 300 50 
335 300 55 
335 300 60 
335 300 65 
335 300 70 
335 300 75 
335 300 80 
335 300 85 
335 300 90 
335 300 95 
330 300 5 
330 300 10 
330 300 15 
330 300 20 
330 300 25 
330 300 30 
330 300 35 
330 300 40 
330 300 45 
330 300 50 
330 300 55 
330 300 60 
330 300 65 
330 300 70 
330 300 75 
330 300 80 
330 300 85 
330 300 90 
330 300 95 
325 300 5 
325 300 10 
325 300 15 
325 300 20 
325 300 25 
325 300 30 
325 300 35 
325 300 40 
325 300 45 
325 300 50 
325 300 55 
325 300 60 
325 300 65 
325 300 70 
325 300 75 
325 300 80 
325 300 85 
325 300 90 
325 300 95 
320 300 5 
320 300 10 
320 300 15 
320 300 20 
320 300 25 
320 300 30 
320 300 35 
320 300 40 
320 300 45 
320 300 50 
320 300 55 
320 300 60 
320 300 65 
320 300 70 
320 300 75 
320 300 80 
320 300 85 
320 300 90 
320 300 95 
315 300 5 
315 300 10 
315 300 15 
315 300 20 
315 300 25 
315 300 30 
315 300 35 
315 300 40 
315 300 45 
315 300 50 
315 300 55 
315 300 60 
315 300 65 
315 300 70 
315 300 75 
315 300 80 
315 300 85 
315 300 90 
315 300 95 
310 300 5 
310 300 10 
310 300 15 
310 300 20 
310 300 25 
310 300 30 
310 300 35 
310 300 40 
310 300 45 
310 300 50 
310 300 55 
310 300 60 
310 300 65 
310 300 70 
310 300 75 
310 300 80 
310 300 85 
310 300 90 
310 300 95 
305 300 5 
305 300 10 
305 300 15 
305 300 20 
305 300 25 
305 300 30 
305 300 35 
305 300 40 
305 300 45 
305 300 50 
305 300 55 
305 300 60 
305 300 65 
305 300 70 
305 300 75 
305 300 80 
305 300 85 
305 300 90 
305 300 95 
300 300 5 
300 300 10 
300 300 15 
300 300 20 
300 300 25 
300 300 30 
300 300 35 
300 300 40 
300 300 45 
300 300 50 
300 300 55 
300 300 60 
300 300 65 
300 300 70 
300 300 75 
300 300 80 
300 300 85 
300 300 90 
300 300 95 
